105
128124448 100
4 9
2 5
101 99
538816732 85
417021999 1
1000000000 2
3 7
5 2
1 100
558689828 44
1 1
186260212 39
417304805 46
1 73
197 99
4 1
201 99
411787879 54
198 99
6 2
200 100
4 8
236088977 100
2 4
3 5
2 100
197 100
7 3
2 99
2 1
102 99
98 100
100 100
97 99
199 99
142120133 69
196 99
999999999 1
1 31
999999999 3
3 3
5 1
202 100
1000000000 99
6 3
97 100
138 6
5 3
2 3
1000000000 94
102 100
3 2
968261572 81
2 2
412538846 2
3 1
4 6
997184809 100
114382 1
670528042 10
203 100
96 99
3 100
195 99
999999999 100
1000000000 40
4 4
200 99
1000000000 3
103 100
396767469 94
313424185 10
4 7
999999999 2
100 99
692322617 52
3 4
101 100
3 6
201 100
7 2
4 3
1 99
1 2
1000000000 100
98 99
313273513 69
999999999 99
273049978 17
9 3
99 100
146755893 1
800744567 72
198 100
4 2
1000000000 1
1 10
3 99
99 99
4 5
199 100
1 3
289629644 32
8 3
